200000000
200000001
200000002
200000100
200000110
200000111
200000112
200000120
200000121
200000122
200000130
200000131
200000132
200000140
200000141
200000150
200000151
200000152
200000160
200000161
200000200
200000201
200000202
200000203
200000300
200000301
200010000
200010100
200010110
200010111
200010120
200010121
200010130
200010131
200010200
200010300
200010301
200010302
200020000
200030000
200040000
200040001
200050000
200050001
200060000
200060001
200070000
200080000
200080100
200080101
200080200
200080300
200080400
200080500
200080600
200080700
200080800
200080900
200081000
200081100
200081200
200081201
200081300
200081400
200081500
200081600
200081700
200081800
200081900
200082000
200082100
200082200
200082300
200082301
200090000
200090001
200090010
200090011
200090020
200090021
200090022
200090023
200090024
200090025
200090026
200090027
200090028
200090029
200090030
200090031
200090032
200090033
200090034
200090035
200090036
200090037
200090038
200090039
200090040
200090041
200090042
200090043
200090044
200090045
200090046
200090047
200090048
200090049
200090050
200090051
200090052
200090053
200090054
200090055
200090056
200090057
200090058
200090059
200090060
200090061
200090062
200090063
200090064
200090065
200090066
200090067
200090068
200090069
200090070
200090071
200090072
200090073
200090074
200090075
200090076
200090077
200090078
200090079
200090100
200090110
200090200
200090210
200090300
200090310
200090400
200090410
200090500
200090510
209000000
209000001
209000002
209000003
209000004
209000005
209000006
209000007
209000008
209000009
209000010
209000011
209000012
209000013
209000014
209000015
209000100
209080000
209080100
211000000
211000001
211000100
211000101
211000102
211000200
211010000
211020000
211030000
211040000
211040001
211040100
211040101
211040102
211040200
211040300
211040400
211040401
211040500
211040600
211040700
211040800
211040900
211041000
211041100
211041200
211041300
211041400
211041500
211041600
211041700
211041800
211041900
211042000
211042100
211042101
211042200
211042300
211042400
211050000
211060000
211060010
211060100
211060200
211060201
211060300
211060400
211060401
211060410
211060500
211060600
211060601
211060610
211060620
211060700
211060800
211060801
211060810
211060820
211060830
211060900
211061000
211061001
211061100
211070000
211070100
211070101
211070110
220000000
220000001
220000002
220000003
220000004
220000005
220000006
220000100
220000110
220000111
220000300
220000301
220000302
220000303
220000304
220000305
220000306
220000307
220000400
220000500
220010000
220010001
220010100
220010200
220010300
220010400
220010500
220010600
220010700
220010800
220010900
220011000
220011001
220020000
220020100
220020200
220020300
220020400
220020500
220020600
220030000
220030100
220030200
220030300
220030400
220040000
220040100
220040200
220040300
220040400
220050000
220050100
220050200
220050300
220060000
220060100
220060200
220060201
220060300
220060301
220060400
220070000
220070100
220070200
220070201
220070300
220070301
220070400
220080000
220080001
221000000
221000001
221000100
221000200
221000300
221000400
221020000
221020100
221020200
221020300
221020400
221020500
221020600
221020700
221020701
221020800
221020900
221021000
221021100
221021200
221021300
221021400
221021500
221021600
221021700
221021800
221021900
221022000
221022100
221022200
221022300
221022400
221022500
221022600
221022700
221022800
221022900
221023000
221023100
221023200
221023300
221023400
221023401
221023402
221023403
221023404
221023405
221023406
221023407
221023408
221023409
221023410
221023411
221023412
221023413
221023414
221023415
221023416
221023417
221023418
221023419
221023420
221023421
221023422
221023423
221023424
221023425
221023426
221023427
221023428
221023429
221023430
221023431
221023432
221023433
221023434
221023435
221023436
221023437
221023438
221023439
221023440
221023441
221023442
221023443
221023444
221023445
221023446
221023447
221023448
221023449
221023450
221023500
221023600
221023700
221023800
221023900
221024000
221024100
221024200
221024300
221024400
221024500
221030000
221030100
221030200
221030300
221030301
221030400
221030401
221030500
221030501
221030600
221030601
221040000
221040100
221040200
221040201
221040300
221040301
221040400
221040401
221040402
222000000
222000001
222010000
222010001
222010002
222010100
222010101
222010102
222010200
222010201
222010300
222010310
222010400
222010401
222010402
222020000
222020100
222020110
222020111
222020200
222020210
222020211
222020300
222020400
229020000
229020100
229020200
229020300
229020400
229030000
229030100
229030200
229030300
229030400
229030500
229030600
229030700
229030800
229030900
230000000
230000001
230000002
230000003
230010000
230010001
230010100
230010200
230010201
230010300
230010400
230020000
230020100
230020101
230020200
230020201
230020300
230030000
230030001
230030100
230030101
230030200
230040000
230040001
230040100
230040200
230040300
230040301
230040400
230040401
230040410
230040420
240000000
240000001
240000002
240000003
240000004
240000005
240000006
240000100
240000110
240000111
240010000
240010100
240010101
240010200
240010300
240010400
240010500
240010501
240010600
240010700
240010800
240010900
240010901
240011000
240020000
240020100
240020101
240020102
240020200
240020300
240020400
240020401
240020402
240020500
240020501
240020502
240020503
240020504
240020505
240020506
240020507
240020508
240020509
240020510
240020511
240020512
240020513
240020514
240020515
240020516
240020517
240020518
240020519
240020520
240020521
240020522
240020523
240020524
240020525
240020526
240020527
240020528
240020529
240020530
240020600
240030000
240030100
240030101
240030102
240030103
240030104
240030200
240030300
240040000
240040100
240040200
240040210
240040300
240040310
240040400
240040401
240040500
240040510
240040511
240040520
240040521
240040600
240040610
240040611
240040612
240040700
240040800
240040801
240040802
240040803
240040804
240040805
240040806
240040807
240040808
240040809
240040810
240040811
240040812
240040813
240040814
240040815
240040816
240040817
240040818
240040819
240040820
240040821
240040822
240040823
240040824
240040825
240040826
240040827
240040828
240040829
240040830
240040831
240040832
240040833
240040834
240040835
240040836
240040837
240040838
240040839
240040840
240040841
240040842
240040843
240040844
240040845
240040846
240040847
240040848
240040849
240040900
240040901
240040902
240040903
240040904
240040905
240040906
240040907
240040908
240040909
240040910
240040911
240040912
240040913
240040914
240040915
240040916
240040917
240040918
240040919
240040920
240040921
240040922
240040923
240040924
240040925
240040926
240040927
240040928
240040929
240040930
240040931
240040932
240040933
240040934
240040935
240040936
240040937
240040938
240040939
240040940
240040941
240040942
240040943
240040944
240040945
240040946
240040947
240040948
240040949
240050000
240050100
240050101
240050102
240050103
240050104
240050105
240050200
240050300
240050310
240050400
240050500
240050600
240060000
240060100
240060200
240070000
240070010
240070011
240070012
240070013
240070014
240070020
240070021
240070022
240070023
240070024
240070030
240070031
240070032
240070033
240070034
240070040
240070041
240070042
240070043
240070044
240070050
240070051
240070052
240070053
240070054
240070060
240070061
240070062
240070063
240070064
240070100
240070101
240070102
240070200
240070201
240070202
240070203
240070204
240070205
240070206
240070207
240070208
240070209
240070300
240070301
240070302
240070303
240070304
240070305
240070306
240070307
240070308
240070309
240070400
240070401
240070402
240070403
240070404
240070405
240070406
240070407
240070408
240070409
240070500
240070501
240070502
240070503
240070504
240070505
240070506
240070507
240070508
240070509
240070600
240070601
240070602
240070603
240070604
240070605
240070606
240070607
240070608
240070609
250000000
250000001
250000002
250000003
250000100
250010000
250010100
250010200
250010300
250010301
250010302
250010303
250010304
250010400
250010500
250010501
250010502
250010503
250010504
250010600
250010700
250020000
250020100
250020200
250020300
251000000
251000100
251010000
251010100
251010101
251010102
251010200
251010300
251010400
251010401
251010402
251010403
251010404
251010410
251010411
251010412
251010413
251010414
251010415
251010416
251010417
251010418
251010419
251010420
251010421
251010422
251010423
251010424
251010425
251010426
251010427
251010428
251010429
251010500
260000000
260000100
260000110
260000200
260000201
260000202
260000203
260000204
260000205
260000206
260000207
260000300
260000301
260000302
260000303
260010000
260010001
260010100
260010200
260010201
260010300
260010301
260010400
260010401
260010402
260010500
260010501
260010600
260010700
260020000
260020100
260020200
260020300
260020400
260020401
260020500
260020600
260020610
260020620
260020630
260020631
260020632
260020633
260020634
260020635
260020636
260020637
260020638
260020639
260020640
260020641
260020642
260020643
260020644
260020645
260020646
260020647
260020648
260020649
260020650
260020651
260020652
260020653
260020654
260020655
260020656
260020657
260020658
260020659
260020660
260020661
260020662
260020663
260020664
260020665
260020666
260020667
260020668
260020669
260020670
260020671
260020672
260020673
260020674
260020675
260020676
260020677
260020678
260020679
260020700
261000000
261000001
261000002
261000010
261000011
261000020
261000021
261010000
261010001
261010002
261010003
261010100
261010101
261010102
261010103
261020000
261020100
261020200
261020300
261020301
261020302
261020303
261020304
261020305
261020306
261020307
261020308
261020309
261020310
261020311
261020312
261020313
261020314
261020315
261020316
261020317
261020318
261020319
261020320
261020321
261020322
261020323
261020324
261020325
261020326
261020327
261020328
261020329
261020330
261020331
261020332
261020333
261020334
261020335
261020336
261020337
261020338
261020339
261020340
261020341
261020342
261020343
261020344
261020345
261020346
261020347
261020348
261020349
261020350
261020400
261020401
261020500
261020600
261020700
261030000
261030001
261040000
270000000
270000100
270010000
270010100
270010110
270010111
270010200
270010210
270010300
270010310
270010400
270010410
270010500
270020000
270020100
270020110
270020200
270020210
270020211
270020300
270020310
270020400
270020410
270020500
270030000
270030100
270030110
270030200
270030210
270030300
270030310
270030400
270030410
270030411
270030500
270040000
270040100
270050000
270050100
270050200
270050300
271000000
271000100
271000200
271000210
271000300
271010000
271010001
271010100
271010200
271010300
271010301
271010400
271010500
271020000
271020100
271030000
271030010
271030100
271030101
271030102
271030200
271030201
271030202
271030203
271030204
271030205
271030300
271030310
271030320
271030400
271030410
271030500
271030510
271030520
271030530
271030540
271030600
271040000
271040100
271040200
271040210
271040300
280010000
280010010
280010011
280010020
280010030
280010031
280010040
280010041
280010050
280010060
280010070
280010071
280010080
280010081
280010090
280010091
280010100
280010101
280010110
280010120
280010130
280010140
280010150
280011000
280011001
280011002
280011003
280011004
280011005
280011006
280020000
280020001
280030000
280090000
540000000
540000100
540000200
540000300
540010000
540010001
540010002
540010100
540010101
540020000
540020100
541000000
541000100
541000200
541000300
541010000
541010010
541010020
541010030
541010040
541010050
541010060
541010100
541010110
541020000
541020100
541020200
541020300
541020400
541020500
541020600
541020610
541020620
541020621
541020622
541020623
541020624
541020625
541020626
541020627
541020628
541020629
541020630
541020631
541020632
541020633
541020634
541020635
541020636
541020637
541020638
541020639
541020700
541020800
550000000
550000100
550000200
550000300
550000400
551000000
551000100
551000200
551010000
551020000
551030000
551030001
551030002
551030003
551030004
551030005
551030006
551030007
551030008
551030009
551030010
551030011
551030012
551030013
551030014
551030015
551030016
551030017
551030018
551030019
551030020
551030100
551030200
